518586: 77 3 1 67 5
1067729: 455 3 26 6 996 7 3
11928859: 8 64 2 82 69
596560119: 8 145 62 2 514 3 2 404
581828: 30 3 100 999 415
1762985410: 8 8 8 50 287 610 22 8
1266719500610: 5 1 576 9 6 113 5 7 8 53
206012074: 63 8 58 1 7 6 8 39 9 5 81
78785362321: 2 8 4 8 977 3 3 8 7 8 5 3
9664165: 73 76 6 646 7
136274679: 6 371 8 61 680
1064627348716: 93 88 2 1 2 964 5 7 9 9
112063: 5 3 67 2 236 3 3 3 9 6 9
9175299: 621 2 6 919 8
483839: 1 9 9 1 537
10971728: 6 37 582 9 729
39885581: 8 5 236 352 568 557 9
724613154: 774 39 6 3 644 8
5335704240: 6 6 6 8 2 9 8 9 415 241 2
27847702: 29 96 56 5 98 693 810
20492198498: 40 177 92 11 2 63 4
88: 9 6 76
71975780450: 4 2 952 363 5 18 5 7 3 1
260001: 77 4 24 1 32 35
456661557563: 878 11 8 77 296 7 52 2
5018812565: 7 531 8 714 81 25 63
322766271: 922 7 3 1 8 1 5 64 4 625
26131289858: 6 2 71 3 128 971 6 4 86
797808044: 498 63 2 80 47
27979: 27 1 8 1 77
5572803: 6 10 3 720 43
2425552272: 2 1 5 14 7 6 3 9 4 1 6 707
23772645653: 2 3 772 6 4 1 2 8 36 4 5 7
400247: 399 658 5 11 86 485
8528300: 2 101 3 2 744 1 7 29 4 9
21552519: 9 69 11 347
14441: 8 9 6 27 24
1125643: 5 4 1 5 4 5 3 90 1 29 5
100656838799: 8 9 4 73 5 33 40 711 4 5
108545698: 5 25 868 56 7 39 9
1141458193: 6 4 337 986 9 2 7 8 3 7 6
310471: 1 96 186 9 7 6 28 15
4335548557: 9 8 814 4 1 2 4 102 307
139187622: 616 2 23 60 58 7 2 375
386707893: 7 93 9 6 5 7 11 8 61 4 2
94129: 799 769 3 6 34
715540: 1 6 69 4 93
1282874113: 2 983 297 874 112
52904037: 22 1 79 1 101 5 3 30
18834450431: 4 5 5 6 6 9 32 8 4 96 406
3180934101: 70 12 1 9 5 7 5 9 3 6 3 8
2845060: 27 831 45 862 99
368522258: 48 6 72 6 2 518 4 261
3341: 45 9 2 3 3 3
428279284: 26 47 854 66 744 7 79
925346: 42 930 34 4 7
2816058: 6 82 2 1 1 801 5 5 1 260
182828401: 3 548 473 560 33 7 71
14784609839: 5 64 2 2 4 90 869 6 364
28152: 362 5 65 5 8 3
15653398: 775 7 67 4 50
11516705639524: 428 6 40 590 52 76 5
4617679: 104 6 740 5 2 29
51091612: 9 63 6 784 3 9 9 513 5
3200172021: 3 189 2 9 1 71 8 1 6 4 56
7167956878: 4 4 24 1 3 87 63 1 1 2 8 7
49237578: 84 6 582 81 296
278549: 314 5 9 97 12 49
613391: 6 1 32 66 127
25444157: 50 34 81 358 3 75 6
11745988: 117 4 5 98 7
6204: 6 172 6 6 5
59137: 4 56 33 8
1950867401: 54 2 42 90 430 1 38 9
385: 9 7 4
17984: 243 74 1
4904714652: 2 8 7 2 271 5 471 4 64 9
957909620449: 45 86 34 1 89 5 5 27 99
56788158848428: 9 6 3 9 3 52 734 7 3 6 31
235556: 65 517 45 7 8
1480438114202: 421 3 16 814 38 90 3
647: 2 53 10 9 574
874503: 25 62 14 30 64 36
346980232: 5 50 603 44 316 3 230
91698539961645: 528 9 571 67 52 97 46
1844: 606 8 1 3
439423: 94 4 18 665 5 3 9
117422763485: 5 8 2 541 945 4 2 198 2
8870946: 2 15 114 88 7 1 4 4 1 8
4567951: 455 1 47 10 75 47 53
754550: 947 8 790 13 89
52955353618: 25 6 884 930 78 3
1007062: 115 3 1 871 49 157 7 7
363641037: 87 831 5 460 9
1144440: 1 78 9 612 1
4767573262: 543 878 61 271 61
402692504: 225 549 3 326 28
2472981: 321 9 856
89779845371: 69 4 245 6 48 3 6 6 581
4801127: 5 11 1 8 2 691 19
19669681109: 983 48 405 3 2 2 8
1624144: 1 30 4 478 772 70 142
5994968676520: 889 3 290 2 8 7 963 4 1
18373: 6 95 3 212 8
246: 7 8 14 8 86 79
11167: 9 55 621 3 1
1722472: 8 8 1 22 474
576704245: 9 25 677 12 623
57526076161: 2 857 19 3 25 952 80
59794394: 580 241 13 4 57 56
13525: 76 454 821 3 9
124278848371: 27 61 45 838 69 29
30378: 3 375 9 2 4
51342724: 242 52 8 510 2
7226286217: 95 74 48 37 20 691 9
3657202245: 255 34 932 238 53
16779923: 16 4 974 90 8
2720440724: 6 115 3 7 2 1 2 741 3 1 7
16459083: 8 6 3 4 674 165
20117327: 114 303 44 4
631176: 97 6 2 489 79
2200586942: 490 868 382 5 81 20
1704342: 2 535 2 3 671 4
2221: 5 8 54 52 7
2955858: 216 79 58 56 1
6568463: 158 52 6 1 81 791
42954860: 66 2 9 777 58 61
390497288: 5 56 8 421 9 9 46 1 890
535050652: 9 606 435 325 2
1189255758: 7 4 7 2 19 1 92 7 3 2 13 5
4398058124: 537 5 8 1 7 81 8 3 1 16 9
7895503267: 87 727 814 9 6
1325: 446 613 7 5 253
47667653: 863 1 54 917 1 93 652
6960495: 7 9 2 95 39 2 5 89 4 97
83761: 828 9 62
7014269219232: 6 6 2 8 4 6 4 22 698 7 6 9
6041096203823: 736 864 86 356 95
126255: 1 2 55 7 3 1 26
80: 6 7 3 5 2
64291: 8 8 2 88
8106846: 3 863 9 313 461
16909934: 4 4 909 933
382526567: 197 512 1 73 8 242 68
2008294863392: 5 40 82 9 486 33 93
1910823: 24 1 764 88 732
163839463: 9 4 8 8 47 831 394 64
24526180890: 6 8 1 27 3 9 8 45 8 9 3
35641: 8 4 66 9 5
99587019: 3 618 61 135 52
178398168: 3 8 782 2 1 46
522676: 40 19 76 742 79
375442964: 4 6 3 3 9 6 9 3 7 21 2 753
14596883: 538 27 70 791 93
1814: 9 3 52 329 84
43663: 9 1 59 74 1
6414338388: 4 21 70 84 5 96 3 507
19809047662: 15 2 82 2 71 4 9 72 6 3
972226: 90 93 622 70 444 210
4655160906: 24 67 965 3 903
43166963: 56 71 1 6 5 3 761
97510318: 19 502 5 320 1
559707: 74 36 9 21 80
18337560: 21 42 3 9 7 22 14 5 711
19750004: 59 65 128 72 185 8 45
402653: 2 96 9 4 7 4 3 441 76 1 6
211550: 3 2 3 31 769 1 8 5 2 2 4 4
12618301545574: 911 270 7 9 57 2 9 57 1
3040620336: 97 4 3 540 11 3 7
2558466948: 15 8 6 14 9 95 1 274 4 7
34040103: 4 5 4 539 740 4 9 4 38 2
721192756: 721 1 9 27 54
539417: 1 532 7 41 8
12533760803: 94 7 3 6 80 8 275 149 4
1317: 6 18 525 69 1 107
394723035: 3 9 8 4 4 700 7 8 2 78 36
5366595: 5 3 66 5 98
71410952: 11 53 91 9 11 49
674275: 2 337 17 6 96
337562: 4 38 187 95 777 343
389035535: 3 88 65 21 7 32
15664109315: 6 508 339 29 29 71
702734697091: 8 6 754 3 37 450 5 9 2
1254635281884: 1 40 85 4 3 92 90 1 887
18848: 942 2 5
5378241: 1 1 2 8 6 1 851 6 3 57 3 9
1629196225: 8 8 642 793 285 14 2
54522835: 54 375 76 71 813 20
3578050: 1 35 706 74 52
225584: 15 9 67 89 21
230012933: 450 4 50 301 290 3 5
233228304848: 9 9 9 818 4 1 2 1 8 42 2 9
3306244010110: 615 7 96 50 1 1 2 6 2 7 4
4615163240752: 2 49 759 12 37 6 407
80416186: 2 7 741 36 161 83
219551467267: 1 3 652 55 43 48 68
141812648551: 1 783 80 690 795
20410350: 342 60 728 60 767 8 2
147852: 3 655 4 6 658 3 982
449063: 180 27 8 595 7 24
485101544611: 53 9 2 924 3 127 5 2 4
170564: 4 478 5 358 2 4 1 4 6 62
5698965690: 9 1 8 6 13 2 620 6 9 6 28
22735683846256: 45 4 71 364 3 692 5 5 9
190205401: 980 4 18 50 966
1715875: 3 304 7 4 47
87148: 3 41 8 701 83
75897: 7 5 8 49 45
52421970371138: 5 6 3 6 77 1 93 3 4 1 139
661564387: 802 161 9 8 8 87 1 68
2555377: 3 932 66 9 943 335 2
1555735: 960 6 7 5 40 161 799
718778: 84 72 1 4 867 72 4 79
38114520: 421 2 3 1 1 769 3 7 3 89
177038127: 88 5 102 88 64 2
544942167800960: 85 14 721 371 8 9 8 8 2
1161402205: 13 6 4 10 179 3 9 2 35 2
931901759: 1 5 2 916 8 6 2 980 8 2 1
2298202338: 2 32 1 6 5 5 5 1 4 62 7 1
137848216222: 5 27 2 84 821 6 224
2531650: 4 7 9 5 1 16 208 4 1 4 52
68611: 985 4 252 943 386 6
36939892629: 8 7 6 1 8 9 5 1 4 804 8 64
8377833: 951 9 74 30 81
142911780942: 142 91 17 809 12 28
6918711: 1 261 29 9 913
2541470123: 4 7 4 9 272 2 679 4 7 2 3
211339: 93 91 27 3 38
3838: 1 71 5 28 6
8200948652: 911 3 64 9 1 3 1 5 6 9 5
2312431797: 1 4 9 415 70 556
2081: 4 1 15 1 7 2 1
1991645: 6 63 881 3
31274083947: 821 2 76 5 1 839 4 4
6712275: 5 906 8 49 73
378238021: 8 228 81 5 32 4 8 547
60327: 9 67 21 3
18457: 23 10 8 5 9
1069307: 3 7 686 31 673
1063118193: 2 644 7 5 62 9 4 9 6 6 90
2144232169813: 73 47 86 967 88 71
8038769: 872 21 196 1 9 4
58568654: 4 2 6 3 645 28 47 77
399611573: 466 4 952 6 9
32941052: 678 694 6 527 7 77 5
397626399043: 733 652 343 2 1 832
14019: 5 8 764 99 155
99618722: 1 59 39 6 18 212 512
257357274914: 34 778 74 74 1 8 17
138570: 6 1 227 5 97
63892: 83 1 81 7 7
5117364045162: 9 476 60 9 6 45 159
277324231354: 605 86 8 533 67 35 5
122204056933: 2 50 5 47 40 5 69 30
27491212307: 3 850 17 4 1 260 7 4 6 7
56770436: 6 2 2 19 4 995 30 7 6 5 3
1749118: 235 827 1 9 16
13889008570: 34 7 22 520 5 8 1 8 4 4
443760377: 3 18 9 1 3 943 3 1 70
312385: 1 9 660 9 1 46 5 7 9 2 8 8
301868: 1 8 1 4 465 1 90 2 3 2 2 2
9313596: 180 86 5 514 7
1881857390: 185 2 6 5 857 389
5757834856969: 542 33 7 834 856 967
3122: 75 3 1 1 4
182864: 3 105 2 169 3
7355274466129: 740 622 2 799 6 61 26
5321011731: 57 64 2 103 2 1 5 7 76 3
504553840: 1 6 6 2 1 61 7 413 1
13892595: 94 7 8 27 52 21